0 0.313789 0.417389 0.027734 0.024944
0 0.929129 0.608486 0.083602 0.075306
0 0.397578 0.657521 0.069687 0.137236
0 0.596523 0.529813 0.038641 0.048931
0 0.610254 0.474090 0.050336 0.051625
0 0.447281 0.573403 0.053781 0.065833
0 0.979398 0.580125 0.041125 0.071694
0 0.548500 0.583535 0.070906 0.106403
0 0.675789 0.960903 0.109047 0.078194
0 0.285840 0.630125 0.046367 0.070528
0 0.497383 0.481889 0.050547 0.051361
0 0.330609 0.545868 0.044188 0.059181
0 0.275148 0.591840 0.043375 0.057986
0 0.856730 0.959729 0.079820 0.068264
0 0.342453 0.495757 0.040406 0.046569
0 0.345586 0.466160 0.034609 0.025264
0 0.237633 0.525347 0.038172 0.052917
0 0.444309 0.466694 0.035758 0.032167
0 0.473414 0.427611 0.046453 0.041167
0 0.535082 0.438681 0.037820 0.032639
0 0.390875 0.440694 0.032937 0.036667
0 0.376641 0.423014 0.021844 0.019361
0 0.378137 0.411569 0.020555 0.017889
0 0.205012 0.476944 0.027836 0.053611
0 0.240430 0.465924 0.035391 0.040931
0 0.262969 0.444938 0.038906 0.044319
0 0.264023 0.409583 0.021328 0.024167
0 0.212535 0.436361 0.032977 0.035778
0 0.234969 0.403396 0.028953 0.033125
0 0.180805 0.419451 0.007703 0.027514
0 0.185652 0.398493 0.023805 0.022542
0 0.170785 0.393028 0.010477 0.020944
0 0.663152 0.476292 0.043758 0.030861
0 0.282738 0.782111 0.078508 0.169556
0 0.936516 0.692208 0.085641 0.076556
0 0.811191 0.676153 0.085023 0.082917
0 0.682719 0.721694 0.086203 0.128083
0 0.522504 0.693181 0.066523 0.116250
0 0.676910 0.580743 0.062211 0.066819
