0 0.972828 0.708958 0.054094 0.105972
0 0.322891 0.419167 0.028750 0.028889
0 0.303867 0.399681 0.027578 0.032306
0 0.275105 0.407431 0.019586 0.024028
0 0.200078 0.392389 0.024375 0.028833
0 0.216457 0.393160 0.008648 0.017847
0 0.263523 0.545972 0.042828 0.062500
0 0.621281 0.450451 0.045375 0.034708
0 0.650477 0.484861 0.010141 0.027722
0 0.382965 0.484653 0.039680 0.043750
0 0.825617 0.553174 0.072453 0.071042
0 0.313031 0.478451 0.038766 0.037542
0 0.431371 0.948514 0.125227 0.102972
0 0.618086 0.503611 0.053047 0.058056
0 0.765852 0.602361 0.068687 0.075500
0 0.559059 0.775174 0.082117 0.124764
0 0.835090 0.689382 0.090305 0.084542
0 0.485961 0.466681 0.033984 0.043111
0 0.555629 0.460847 0.035242 0.038972
0 0.282715 0.652715 0.056102 0.099875
0 0.323359 0.515882 0.047531 0.090819
0 0.502848 0.649896 0.069930 0.107847
0 0.245195 0.468882 0.037844 0.045958
0 0.352063 0.438153 0.024984 0.019639
0 0.396699 0.429840 0.020930 0.020986
0 0.474445 0.467375 0.056922 0.043306
