0 0.362539 0.435333 0.032578 0.026222
0 0.372133 0.408444 0.029578 0.023694
0 0.468176 0.451924 0.010523 0.033931
0 0.486719 0.434931 0.034688 0.037833
0 0.409422 0.674625 0.059125 0.112694
0 0.521508 0.658257 0.071312 0.119319
0 0.238641 0.408187 0.036656 0.034653
0 0.265965 0.398806 0.016883 0.017944
0 0.226395 0.382646 0.019539 0.015292
0 0.211727 0.401444 0.016578 0.025167
0 0.177500 0.394194 0.012969 0.015917
0 0.715336 0.513646 0.055375 0.059792
0 0.700340 0.598917 0.066695 0.071306
0 0.267227 0.587076 0.047422 0.076542
0 0.850840 0.694007 0.089523 0.083181
0 0.340656 0.542938 0.051359 0.061986
0 0.284801 0.690958 0.060633 0.132806
0 0.675332 0.958271 0.119961 0.078208
0 0.313867 0.415049 0.029781 0.041597
0 0.246949 0.907264 0.098727 0.153556
0 0.877773 0.645674 0.082687 0.071264
0 0.576258 0.483083 0.050875 0.052889
0 0.774734 0.870417 0.118641 0.148306
0 0.493301 0.554354 0.050180 0.047319
0 0.456187 0.604014 0.051344 0.077194
0 0.421871 0.544757 0.054883 0.074375
0 0.236992 0.523618 0.035969 0.057542
0 0.264844 0.486736 0.036984 0.048472
0 0.444355 0.460903 0.037695 0.039583
0 0.228836 0.453444 0.038406 0.041444
0 0.596895 0.464813 0.029570 0.040264
