0 0.352504 0.413264 0.024742 0.037472
0 0.409316 0.582924 0.053508 0.068403
0 0.390766 0.585007 0.090297 0.082125
0 0.369398 0.587653 0.046719 0.076750
0 0.426203 0.434785 0.024469 0.028347
0 0.443539 0.502944 0.049437 0.066778
0 0.401004 0.677424 0.060992 0.114903
0 0.657918 0.699174 0.088586 0.113542
0 0.544996 0.502125 0.044727 0.050056
0 0.308668 0.521285 0.039961 0.057486
0 0.467348 0.438743 0.040352 0.050375
0 0.650879 0.573160 0.051320 0.038792
0 0.628617 0.510549 0.052250 0.047597
0 0.703902 0.503556 0.056852 0.056694
0 0.920125 0.651618 0.100234 0.102764
0 0.766156 0.642278 0.077375 0.085111
0 0.498109 0.628722 0.066484 0.102194
0 0.597602 0.826569 0.094047 0.139778
0 0.876078 0.930667 0.153313 0.133389
0 0.661832 0.962715 0.104133 0.074569
0 0.375563 0.517792 0.042531 0.058361
0 0.543262 0.454264 0.045898 0.039083
0 0.409137 0.425813 0.021711 0.052569
0 0.379715 0.473479 0.042398 0.033653
0 0.330473 0.481299 0.041695 0.056292
0 0.531602 0.584653 0.053953 0.074861
0 0.257414 0.479042 0.035969 0.047806
0 0.296250 0.418993 0.026875 0.031847
0 0.248809 0.445708 0.031523 0.038917
0 0.198699 0.449931 0.018633 0.030417
0 0.263047 0.415833 0.017813 0.016944
0 0.239090 0.403493 0.017836 0.021625
0 0.218961 0.407326 0.019016 0.020208
0 0.188656 0.393542 0.012641 0.011806
0 0.174102 0.400181 0.013047 0.018278
0 0.693453 0.502632 0.035781 0.050653
