0 0.552844 0.472118 0.052297 0.055625
0 0.262273 0.898542 0.121719 0.191667
0 0.778332 0.642958 0.087617 0.117111
0 0.842543 0.615944 0.072773 0.069472
0 0.616543 0.497646 0.051570 0.059653
0 0.285625 0.625569 0.053938 0.103528
0 0.736105 0.518403 0.052773 0.050639
0 0.700043 0.537701 0.057023 0.058625
0 0.476270 0.632667 0.059898 0.081889
0 0.236641 0.438486 0.034453 0.027750
0 0.255246 0.402069 0.018773 0.026417
0 0.226820 0.406458 0.017859 0.022639
0 0.197813 0.377292 0.032031 0.066028
0 0.191367 0.443597 0.008359 0.020722
0 0.543984 0.582500 0.055625 0.080000
0 0.461168 0.523833 0.050305 0.064056
0 0.389074 0.479778 0.032367 0.041111
0 0.328695 0.540069 0.043234 0.063472
0 0.379219 0.508479 0.043281 0.071097
0 0.323672 0.448868 0.039969 0.046569
0 0.268883 0.432188 0.032391 0.028819
0 0.274043 0.463111 0.036211 0.034056
0 0.231125 0.467931 0.033344 0.036444
0 0.194824 0.471674 0.005508 0.033903
0 0.302641 0.406458 0.015594 0.015417
0 0.339727 0.419375 0.029141 0.023194
0 0.374285 0.440625 0.028930 0.022361
0 0.408984 0.448576 0.021250 0.029319
0 0.453738 0.455583 0.015133 0.024222
0 0.471250 0.456181 0.021094 0.025972
0 0.516367 0.438021 0.042266 0.037153
0 0.664621 0.474514 0.041273 0.039028
0 0.990824 0.642319 0.018023 0.057972
0 0.438078 0.582187 0.048578 0.062819
0 0.623305 0.679708 0.078016 0.101861
0 0.292566 0.503799 0.040148 0.049764
