0 0.251641 0.406111 0.028438 0.030278
0 0.307414 0.529340 0.047016 0.072653
0 0.239656 0.521167 0.040266 0.063167
0 0.382117 0.624201 0.050766 0.077236
0 0.340457 0.421069 0.031586 0.039028
0 0.668086 0.521965 0.043828 0.044931
0 0.423809 0.421687 0.037070 0.034153
0 0.507133 0.464465 0.040359 0.037986
0 0.874926 0.697778 0.079148 0.081972
0 0.273965 0.839493 0.085648 0.135764
0 0.567105 0.446542 0.039695 0.035028
0 0.639145 0.561507 0.038602 0.050625
0 0.188988 0.396569 0.023023 0.031389
0 0.561770 0.490951 0.042758 0.044486
0 0.857578 0.942514 0.111875 0.108250
0 0.597539 0.641875 0.067891 0.086250
0 0.434063 0.896181 0.103750 0.198472
0 0.344238 0.409069 0.022852 0.024806
0 0.344043 0.489514 0.039492 0.047639
0 0.295629 0.461472 0.042352 0.059917
0 0.178184 0.411778 0.012148 0.025500
0 0.193047 0.440208 0.019063 0.035417
0 0.190809 0.470917 0.017758 0.046833
0 0.234012 0.399993 0.019586 0.029514
0 0.830715 0.612056 0.071617 0.062139
0 0.985582 0.636264 0.028383 0.087583
