0 0.243562 0.433729 0.037094 0.037736
0 0.722699 0.548438 0.064523 0.070153
0 0.595125 0.528715 0.048922 0.060597
0 0.839027 0.618604 0.091758 0.080875
0 0.499820 0.556868 0.065250 0.073042
0 0.532348 0.674667 0.070008 0.105194
0 0.491508 0.462472 0.038531 0.040222
0 0.626020 0.499549 0.052102 0.053181
0 0.447813 0.457743 0.046500 0.048264
0 0.440617 0.581764 0.052109 0.067083
0 0.353422 0.465382 0.048797 0.066292
0 0.279227 0.579271 0.102594 0.212708
0 0.342871 0.543014 0.040086 0.067778
0 0.298934 0.523333 0.123211 0.097694
0 0.834180 0.554167 0.078359 0.064167
0 0.517316 0.441194 0.045414 0.051833
0 0.430039 0.424000 0.030703 0.028833
0 0.385582 0.426354 0.016102 0.022847
0 0.972070 0.737146 0.055859 0.168569
0 0.325891 0.418806 0.028500 0.027750
0 0.286484 0.404722 0.024375 0.024444
0 0.254789 0.456743 0.031516 0.035403
0 0.216820 0.399903 0.012141 0.019389
0 0.200855 0.401667 0.017805 0.022028
0 0.178086 0.395604 0.013047 0.016486
0 0.168336 0.389944 0.006000 0.014083
