0 0.345938 0.491639 0.041719 0.060333
0 0.528711 0.726479 0.068359 0.103097
0 0.718422 0.604090 0.064609 0.080347
0 0.850078 0.562396 0.061766 0.079153
0 0.785410 0.561993 0.099039 0.095264
0 0.276934 0.604681 0.046836 0.076667
0 0.591023 0.523118 0.037328 0.045514
0 0.482926 0.471910 0.041492 0.029542
0 0.575605 0.480167 0.052039 0.051056
0 0.613719 0.476444 0.036594 0.034639
0 0.306184 0.413299 0.020102 0.019597
0 0.482750 0.459958 0.040453 0.051111
0 0.456141 0.516750 0.045406 0.063222
0 0.386320 0.626042 0.060344 0.093194
0 0.456922 0.589000 0.055906 0.073944
0 0.170953 0.396042 0.014375 0.019028
0 0.184598 0.387569 0.017320 0.024222
0 0.211609 0.397361 0.025875 0.031667
0 0.248234 0.396042 0.026078 0.020972
0 0.407770 0.434146 0.030070 0.031431
0 0.374402 0.440625 0.034273 0.035139
0 0.776027 0.425347 0.044242 0.045694
0 0.431000 0.937910 0.137328 0.124181
0 0.813781 0.926042 0.148250 0.147917
0 0.265094 0.482847 0.040500 0.057361
0 0.258215 0.551597 0.042367 0.058194
