0 0.367070 0.510757 0.044922 0.054597
0 0.427340 0.503271 0.044211 0.052597
0 0.733125 0.622083 0.067031 0.069444
0 0.452508 0.958403 0.111437 0.083194
0 0.186469 0.430500 0.034719 0.055639
0 0.221711 0.419576 0.031078 0.042847
0 0.365363 0.421160 0.006820 0.019875
0 0.560852 0.510090 0.048672 0.048569
0 0.289469 0.501903 0.037484 0.041806
0 0.779273 0.545604 0.044672 0.039958
0 0.745027 0.559569 0.055695 0.054778
0 0.396125 0.691528 0.059344 0.093444
0 0.659371 0.514181 0.059820 0.047861
0 0.240484 0.466326 0.041906 0.049708
0 0.502387 0.554028 0.049195 0.056472
0 0.267316 0.539250 0.040164 0.069194
0 0.620637 0.550562 0.052273 0.055542
0 0.866848 0.720812 0.096039 0.097514
0 0.206453 0.484993 0.033344 0.058347
0 0.348613 0.431785 0.033164 0.034764
0 0.435891 0.438542 0.026625 0.033750
0 0.507004 0.445486 0.117133 0.127361
