0 0.328020 0.541375 0.038570 0.062972
0 0.277852 0.398028 0.006797 0.023472
0 0.292254 0.506646 0.039008 0.062097
0 0.251699 0.551090 0.041086 0.049458
0 0.913605 0.577306 0.082945 0.086500
0 0.322051 0.417250 0.041477 0.034167
0 0.333816 0.486021 0.042555 0.046042
0 0.195355 0.388285 0.021336 0.022875
0 0.212852 0.403889 0.017109 0.017500
0 0.734273 0.799639 0.111516 0.165806
0 0.387852 0.637083 0.076953 0.190556
0 0.262188 0.485187 0.037187 0.039069
0 0.432125 0.510076 0.047469 0.061792
0 0.371816 0.473472 0.035977 0.043889
0 0.401789 0.415639 0.030922 0.033667
0 0.260934 0.453611 0.033008 0.035639
0 0.289355 0.438722 0.036523 0.035222
0 0.258727 0.408792 0.031047 0.029111
0 0.737738 0.492535 0.051555 0.051847
0 0.748547 0.577972 0.070609 0.064361
0 0.544289 0.733528 0.073797 0.110306
0 0.301063 0.596229 0.042797 0.074347
0 0.897281 0.460250 0.070922 0.064389
0 0.508844 0.566375 0.054641 0.063167
0 0.293238 0.778486 0.072430 0.150000
0 0.180801 0.419535 0.008445 0.020292
