0 0.800590 0.506889 0.063258 0.047667
0 0.778430 0.655236 0.084578 0.071583
0 0.332496 0.536979 0.043039 0.062375
0 0.301055 0.650069 0.051656 0.093056
0 0.424316 0.566549 0.052336 0.080403
0 0.821996 0.559021 0.068773 0.055764
0 0.709703 0.551840 0.060687 0.062014
0 0.627313 0.870306 0.115531 0.180500
0 0.469652 0.973007 0.102883 0.053986
0 0.253293 0.944764 0.099867 0.110472
0 0.652305 0.444938 0.120703 0.080431
0 0.507637 0.426174 0.101711 0.084319
0 0.387773 0.432375 0.031328 0.038361
0 0.274383 0.490604 0.036422 0.048764
0 0.191422 0.447667 0.029156 0.041667
0 0.191406 0.414458 0.037344 0.016917
0 0.180527 0.396306 0.017148 0.015500
0 0.213965 0.394889 0.028867 0.026611
0 0.247852 0.401743 0.028828 0.025403
0 0.281816 0.403083 0.025352 0.021361
0 0.299879 0.421764 0.024445 0.026583
0 0.361094 0.413319 0.026094 0.021972
0 0.344195 0.432882 0.024953 0.027708
0 0.320613 0.476882 0.037477 0.038264
0 0.372988 0.513611 0.041836 0.050278
0 0.955594 0.604542 0.060469 0.071000
0 0.258871 0.546056 0.041852 0.098833
0 0.565293 0.478840 0.051898 0.052153
0 0.682031 0.497563 0.052500 0.052875
0 0.567648 0.498556 0.055547 0.091250
